%YAML:1.0
R: !!opencv-matrix
   rows: 3
   cols: 3
   dt: d
   data: [ 9.9967920760358064e-01, 2.5147321640928165e-02,
       -3.0156424464532123e-03, -2.5223748881157512e-02,
       9.9926788763262553e-01, -2.8765452171153557e-02,
       2.2900605794278855e-03, 2.8832290240602177e-02,
       9.9958163981839132e-01 ]
T: !!opencv-matrix
   rows: 3
   cols: 1
   dt: d
   data: [ -2.1319832923066619e+00, 2.9159298877362554e-03,
       -1.0956239468530625e-01 ]
R1: !!opencv-matrix
   rows: 3
   cols: 3
   dt: d
   data: [ 9.9851283212306918e-01, 2.5228988138015752e-02,
       4.8328275813433658e-02, -2.4546002505892107e-02,
       9.9959099953359576e-01, -1.4674038721757959e-02,
       -4.8678720674933514e-02, 1.3465949983524138e-02,
       9.9872371071507715e-01 ]
R2: !!opencv-matrix
   rows: 3
   cols: 3
   dt: d
   data: [ 9.9868121747827199e-01, -1.3659039547230902e-03,
       5.1322121570556961e-02, 6.4315969374830449e-04,
       9.9990043416277430e-01, 1.4096386299466551e-02,
       -5.1336265950348375e-02, -1.4044787911603449e-02,
       9.9858266144110142e-01 ]
P1: !!opencv-matrix
   rows: 3
   cols: 4
   dt: d
   data: [ 8.3964859211576936e+02, 0., 5.8916324615478516e+02, 0., 0.,
       8.3964859211576936e+02, 4.0246517562866211e+02, 0., 0., 0., 1.,
       0. ]
P2: !!opencv-matrix
   rows: 3
   cols: 4
   dt: d
   data: [ 8.3964859211576936e+02, 0., 5.8916324615478516e+02,
       -1.7924806619671695e+03, 0., 8.3964859211576936e+02,
       4.0246517562866211e+02, 0., 0., 0., 1., 0. ]
Q: !!opencv-matrix
   rows: 4
   cols: 4
   dt: d
   data: [ 1., 0., 0., -5.8916324615478516e+02, 0., 1., 0.,
       -4.0246517562866211e+02, 0., 0., 0., 8.3964859211576936e+02, 0.,
       0., 4.6842825695775803e-01, 0. ]
