%YAML:1.0
M1: !!opencv-matrix
   rows: 3
   cols: 3
   dt: d
   data: [ 9.7629146437631971e+02, 0., 6.4032262070440106e+02, 0.,
       9.7629146437631971e+02, 4.1754181648701064e+02, 0., 0., 1. ]
D1: !!opencv-matrix
   rows: 1
   cols: 12
   dt: d
   data: [ 2.2405789736988164e-02, -3.4881780122733748e-02, 0., 0., 0.,
       0., 0., 2.4155175477395301e-02, 0., 0., 0., 0. ]
M2: !!opencv-matrix
   rows: 3
   cols: 3
   dt: d
   data: [ 9.7629146437631971e+02, 0., 6.7508862224013194e+02, 0.,
       9.7629146437631971e+02, 3.8644209816501723e+02, 0., 0., 1. ]
D2: !!opencv-matrix
   rows: 1
   cols: 12
   dt: d
   data: [ 3.5181066299282710e-03, 4.3006184199137932e-05, 0., 0., 0.,
       0., 0., 5.6244631213661495e-02, 0., 0., 0., 0. ]
