%YAML:1.0
R: !!opencv-matrix
   rows: 3
   cols: 3
   dt: d
   data: [ 9.9899359022534973e-01, 4.3099308056152537e-02,
       1.2419997332802290e-02, -4.3050067116947345e-02,
       9.9906406593140828e-01, -4.2052212580279379e-03,
       -1.2589615160610726e-02, 3.6663073634798510e-03,
       9.9991402619446446e-01 ]
T: !!opencv-matrix
   rows: 3
   cols: 1
   dt: d
   data: [ -1.9219036245083327e+00, 1.2632004413292775e-02,
       5.6785695408731143e-02 ]
R1: !!opencv-matrix
   rows: 3
   cols: 3
   dt: d
   data: [ 9.9919089864968569e-01, 3.6407805771116644e-02,
       -1.7088584919944191e-02, -3.6446440428503916e-02,
       9.9933369592264132e-01, -1.9547822603150568e-03,
       1.7006029393277371e-02, 2.5760187356408553e-03,
       9.9985206860402531e-01 ]
R2: !!opencv-matrix
   rows: 3
   cols: 3
   dt: d
   data: [ 9.9954221421999401e-01, -6.5696435036016196e-03,
       -2.9533062428864221e-02, 6.6365520463960558e-03,
       9.9997562746927249e-01, 2.1680969466583281e-03,
       2.9518099009371909e-02, -2.3631021286050816e-03,
       9.9956145262770246e-01 ]
P1: !!opencv-matrix
   rows: 3
   cols: 4
   dt: d
   data: [ 9.2994115353554366e+02, 0., 6.9116386413574219e+02, 0., 0.,
       9.2994115353554366e+02, 4.0076135635375977e+02, 0., 0., 0., 1.,
       0. ]
P2: !!opencv-matrix
   rows: 3
   cols: 4
   dt: d
   data: [ 9.2994115353554366e+02, 0., 6.9116386413574219e+02,
       -1.7880758292476232e+03, 0., 9.2994115353554366e+02,
       4.0076135635375977e+02, 0., 0., 0., 1., 0. ]
Q: !!opencv-matrix
   rows: 4
   cols: 4
   dt: d
   data: [ 1., 0., 0., -6.9116386413574219e+02, 0., 1., 0.,
       -4.0076135635375977e+02, 0., 0., 0., 9.2994115353554366e+02, 0.,
       0., 5.2007925968488666e-01, 0. ]
