%YAML:1.0
M1: !!opencv-matrix
   rows: 3
   cols: 3
   dt: d
   data: [ 1.0286283811423880e+03, 0., 6.4772115038006075e+02, 0.,
       1.0286283811423880e+03, 4.2351080116693385e+02, 0., 0., 1. ]
D1: !!opencv-matrix
   rows: 1
   cols: 12
   dt: d
   data: [ 2.0986717345116788e-02, 1.3203094764600559e-01, 0., 0., 0.,
       0., 0., 2.9969492994337010e-01, 0., 0., 0., 0. ]
M2: !!opencv-matrix
   rows: 3
   cols: 3
   dt: d
   data: [ 1.0286283811423880e+03, 0., 6.6552822973337709e+02, 0.,
       1.0286283811423880e+03, 3.7815894618575385e+02, 0., 0., 1. ]
D2: !!opencv-matrix
   rows: 1
   cols: 12
   dt: d
   data: [ 8.4124247661721430e-03, 9.0146528882128402e-02, 0., 0., 0.,
       0., 0., 1.7801565902309893e-01, 0., 0., 0., 0. ]
